

Rezolvare:


'Fitness Grafic ' 


7483 8568 9509 9578 9631 9698 9825 9953 9968 9975 10000 10013 10054 10119 10160 
5609 7483 8002 8568 9509 9578 9631 9698 9825 9953 9968 9975 10000 10013 10054 
5609 6098 6545 7483 8002 8568 9509 9578 9631 9698 9825 9953 9968 9975 10000 
5609 5854 6098 6545 6909 7483 8002 8568 9509 9578 9631 9698 9825 9953 9968 
5584 5609 5793 5854 6098 6545 6909 7483 8002 8568 9509 9578 9631 9698 9825 
5584 5609 5793 5854 6098 6545 6588 6909 6929 7483 8002 8568 9509 9578 9631 
5584 5609 5793 5854 5969 6098 6239 6545 6588 6909 6929 7483 8002 8568 9509 
5584 5609 5793 5854 5969 6098 6113 6239 6466 6545 6588 6909 6929 7483 8002 
4811 5584 5609 5783 5793 5854 5969 6098 6113 6239 6466 6545 6588 6909 6929 
4811 5091 5221 5584 5609 5783 5793 5854 5969 6098 6113 6239 6466 6545 6588 
4811 5091 5221 5237 5400 5584 5609 5783 5793 5854 5969 6098 6113 6239 6466 
4811 5091 5221 5237 5400 5584 5609 5783 5793 5854 5969 6098 6113 8226 8607 
4811 5091 5221 5237 5400 5584 5609 5783 5793 5854 5969 6075 6098 6113 6592 
4811 5091 5221 5237 5400 5584 5602 5609 5783 5793 5854 5969 6075 6098 6196 
4811 5091 5221 5237 5400 5584 5602 5609 5783 5793 5854 5969 6046 6075 8860 
4811 5091 5206 5221 5237 5400 5584 5602 5609 5783 5793 5854 5969 6046 7767 
4126 4811 4844 5091 5206 5221 5237 5400 5584 5602 5609 5783 5793 5854 5969 
4126 4809 4811 4844 4879 5091 5206 5221 5237 5400 5584 5602 5609 5783 5793 
4126 4809 4811 4844 4879 5091 5206 5221 5237 5400 5584 5602 5609 6836 7981 
4126 4809 4811 4844 4879 5091 5206 5221 5237 5400 5584 5602 5609 5724 6928 
4126 4809 4811 4844 4879 5091 5206 5221 5237 5400 5584 5602 5609 6687 7019 
4126 4809 4811 4844 4879 5091 5206 5221 5237 5400 5584 5602 5604 5609 6858 
4126 4809 4811 4844 4879 4913 5048 5091 5206 5221 5237 5400 5584 5602 5604 
4126 4809 4811 4844 4879 4913 5048 5091 5206 5221 5237 5400 5584 6333 9086 
4126 4344 4809 4811 4844 4879 4913 5048 5072 5091 5206 5221 5237 5400 5584 
4126 4344 4738 4809 4811 4844 4879 4913 5048 5072 5080 5091 5206 5221 5237 
4126 4344 4738 4809 4811 4844 4879 4913 5048 5072 5080 5091 5206 6657 7298 
4126 4344 4738 4809 4811 4844 4879 4913 5048 5072 5080 5091 5206 6625 8102 
4126 4344 4738 4809 4811 4844 4879 4913 5048 5072 5080 5091 5174 5206 6165 
4126 4344 4655 4738 4809 4811 4844 4879 4913 5048 5072 5080 5091 5137 5174 
4126 4344 4655 4738 4809 4811 4844 4879 4913 4921 5048 5072 5080 5091 5502 
4126 4344 4655 4738 4809 4811 4844 4879 4913 4921 5048 5072 5080 5337 6501 
4126 4344 4401 4570 4655 4738 4809 4811 4844 4879 4913 4921 5048 5072 5080 
4126 4344 4401 4570 4655 4738 4760 4778 4809 4811 4844 4879 4913 4921 5048 
4126 4344 4401 4570 4655 4738 4760 4778 4809 4811 4844 4879 4913 5248 5503 
4126 4344 4401 4570 4655 4738 4760 4778 4809 4811 4844 4879 4913 5982 6650 
4126 4344 4401 4570 4655 4738 4760 4778 4809 4811 4844 4879 4913 6054 6780 
4126 4344 4401 4570 4655 4738 4760 4778 4809 4811 4844 4879 4913 6266 6670 
4126 4344 4401 4570 4655 4738 4760 4778 4809 4811 4844 4879 4913 9083 9586 
4126 4344 4401 4570 4655 4738 4760 4778 4809 4811 4844 4879 4913 5826 7541 
4126 4344 4401 4570 4611 4655 4738 4760 4778 4809 4811 4844 4855 4879 4913 
4126 4344 4401 4570 4611 4655 4738 4760 4778 4809 4811 4844 4855 5812 6119 
4126 4344 4401 4570 4611 4655 4738 4760 4778 4809 4811 4844 4855 4895 4966 
4126 4344 4401 4570 4611 4655 4738 4760 4778 4809 4811 4844 4855 6822 8441 
4126 4344 4401 4570 4611 4655 4738 4760 4778 4809 4811 4844 4855 4876 5447 
4126 4344 4401 4570 4611 4652 4655 4738 4760 4778 4809 4811 4844 4855 4879 
4126 4344 4401 4570 4611 4652 4655 4738 4760 4778 4809 4811 4844 7591 7846 
4126 4344 4401 4570 4611 4652 4655 4738 4760 4778 4809 4811 4844 5972 7401 
4126 4344 4401 4570 4611 4652 4655 4738 4760 4778 4809 4811 4844 7040 7672 
4126 4344 4363 4401 4570 4610 4611 4652 4655 4738 4760 4778 4809 4811 4844 
4126 4344 4363 4401 4570 4610 4611 4652 4655 4738 4760 4778 4809 5117 5576 
4126 4344 4363 4401 4570 4610 4611 4652 4655 4738 4760 4778 4809 6728 8429 
4126 4344 4363 4401 4570 4610 4611 4652 4655 4738 4760 4778 4809 5569 5622 
4126 4344 4363 4401 457