
11512 11985 12037 12149 12206 12230 12290 12314 12426 12450 12484 12484 12549 12752 12832 12856 12866 12977 13044 13074 
11512 11624 11985 12037 12149 12206 12230 12290 12314 12426 12450 12484 12484 12549 12708 12752 12832 12856 12866 12977 
11512 11624 11808 11985 12037 12149 12206 12230 12290 12314 12426 12450 12484 12484 12501 12549 12708 12752 12832 12856 
11512 11624 11808 11985 12037 12039 12149 12206 12230 12290 12314 12397 12426 12450 12484 12484 12501 12549 12708 12752 
11512 11624 11786 11808 11985 12037 12039 12149 12206 12230 12290 12314 12397 12426 12450 12484 12484 12501 12517 12549 
11512 11624 11786 11808 11985 12037 12039 12149 12206 12230 12290 12314 12397 12426 12450 12484 12484 12484 12501 12504 
11512 11624 11786 11808 11985 12037 12039 12065 12149 12206 12230 12290 12314 12338 12397 12426 12450 12484 12484 12484 
11512 11624 11753 11786 11808 11874 11985 12037 12039 12065 12149 12206 12230 12290 12314 12338 12397 12426 12450 12484 
11512 11607 11624 11753 11786 11808 11863 11874 11985 12037 12039 12065 12149 12206 12230 12290 12314 12338 12397 12426 
11512 11607 11624 11753 11786 11808 11863 11874 11985 12037 12039 12065 12128 12149 12206 12230 12290 12314 12338 12456 
11512 11607 11624 11753 11786 11808 11863 11874 11985 12037 12039 12065 12128 12149 12206 12230 12290 12314 12694 13322 
11512 11607 11624 11753 11786 11808 11863 11874 11985 12037 12039 12053 12065 12128 12149 12206 12230 12290 12314 13168 
11512 11607 11624 11753 11786 11808 11863 11874 11985 12037 12039 12053 12065 12128 12149 12166 12206 12230 12290 12942 
11512 11607 11624 11753 11786 11808 11863 11874 11985 12037 12039 12053 12065 12128 12149 12166 12206 12230 12369 12525 
11512 11607 11624 11753 11786 11808 11863 11874 11916 11985 12037 12039 12053 12065 12128 12149 12166 12206 12230 12464 
11512 11607 11624 11753 11786 11808 11863 11874 11916 11985 12037 12039 12053 12065 12128 12149 12166 12206 12282 12599 
11512 11597 11607 11624 11734 11753 11786 11808 11863 11874 11916 11985 12037 12039 12053 12065 12128 12149 12166 12206 
11369 11512 11597 11607 11624 11734 11753 11786 11808 11863 11874 11916 11985 12037 12039 12053 12065 12128 12149 12801 
11369 11512 11597 11607 11624 11734 11753 11786 11808 11863 11874 11916 11985 12037 12039 12053 12065 12128 12353 12646 
11369 11512 11597 11607 11624 11734 11753 11786 11808 11863 11874 11916 11985 12035 12037 12039 12053 12065 12128 12678 
11369 11512 11597 11607 11624 11734 11753 11786 11808 11863 11874 11916 11948 11985 12035 12037 12039 12053 12065 12203 
11369 11512 11597 11607 11624 11734 11750 11753 11786 11808 11863 11874 11916 11948 11985 12035 12037 12039 12053 12761 
11369 11512 11597 11607 11624 11734 11750 11753 11786 11808 11863 11874 11916 11916 11948 11985 12035 12037 12039 12455 
11369 11512 11597 11607 11624 11734 11747 11750 11753 11786 11808 11863 11874 11916 11916 11948 11985 12035 12037 12495 
11369 11512 11597 11607 11624 11734 11747 11750 11753 11786 11808 11863 11874 11916 11916 11948 11961 11985 12035 12673 
11369 11512 11597 11607 11624 11734 11747 11750 11753 11786 11808 11863 11874 11916 11916 11948 11961 11985 12137 13008 
11369 11487 11512 11597 11607 11624 11734 11747 11750 11753 11763 11786 11808 11863 11874 11916 11916 11948 11961 11985 
11369 11487 11512 11597 11607 11624 11734 11747 11750 11753 11763 11786 11808 11863 11874 11916 11916 11948 12011 12173 
11216 11369 11427 11487 11512 11597 11607 11624 11734 11747 11750 11753 11763 11786 11808 11863 11874 11916 11916 11948 
11216 11369 11427 11487 11512 11597 11607 11624 11734 11747 11750 11753 11763 11786 11808 11863 11874 11916 12062 12743 
11216 11369 11427 11487 11512 11597 11607 11624 11734 11747 11750 11753 11763 11786 11808 11863 11874 11916 12703 12753 
11216 11369 11427 11487 11512 11597 11607 11624 11734 11747 11750 11753 11763 11786 11808 11863 11874 11916 12346 12375 
11216 11369 11427 11487 11512 11597 11607 11624 11734 11747 11750 11753 11763 11786 11808 11863 11874 11916 12032 12490 
11216 11369 11427 11487 11512 11597 11607 11624 11734 11747 11750 11753 11763 11786 11808 11825 11863 11874 11916 12600 
11216 11369 11427 11487 11512 11597 11607 11624 11734 11747 11750 11753 11763 11786 11808 11825 11863 11874 12131 12321 
11216 11369 11427 11487 11512 11597 11607 11624 11734 11747 11750 11753 11763 11786 11808 11825 11863 11874 12477 13325 
11216 11369 11427 11487 11512 11593 11597 11607 11624 11734 11747 11750 11753 11763 11786 11808 11825 11863 11874 11880 
11216 11369 11427 11487 11512 11593 11597 11607 11624 11734 11747 11750 11753 11763 11786 11808 11825 11863 12163 12504 
11216 11369 11427 11487 11512 11593 11597 11607 11624 11734 11747 11750 11753 11763 11786 11808 11825 11863 11994 12655 
11216 11369 11427 11487 11512 11593 11597 11607 11624 11734 11747 11750 11753 11763 11786 11808 11825 11863 12594 12724 
11216 11231 11369 11427 11487 11512 11593 11597 11607 11624 11734 11747 11750 11753 11763 11786 11808 11825 11863 12007 
11216 11231 11369 11427 11487 11512 11593 11597 11607 11624 11734 11747 11750 11753 11763 11786 11808 11825 12205 12875 
11216 11231 11354 11369 11427 11487 11512 11593 11597 11607 11624 11734 11747 11750 11753 11763 11786 11808 11825 12218 
11009 11216 11231 11354 11369 11427 11487 11512 11593 11597 11607 11624 11734 11747 11750 11753 11763 11786 11808 11947 
11009 11216 11231 11354 11369 11427 11487 11512 11593 11597 11607 11624 11734 11747 11750 11753 11763 11786 12263 12275 
11009 11216 11231 11354 11369 11427 11487 11512 11593 11597 11607 11624 11734 11747 11750 11753 11763 11786 12578 12690 
11009 11216 11231 11354 11369 11427 11487 11512 11593 11597 11607 11624 11734 11747 11750 11753 11763 11786 11863 13154 
11009 11216 11231 11354 11369 11427 11487 11512 11593 11597 11607 11624 11734 11747 11750 11753 11763 11786 12674 13465 
11009 11216 11231 11328 11354 11369 11427 11487 11512 11593 11597 11607 11624 11734 11747 11750 11753 11763 11774 11786 
11009 11216 11231 11328 11354 11369 11427 11487 11512 11593 11597 11607 11624 11734 11747 11750 11753 11763 12330 13343 
11009 11216 11231 11328 11354 11369 11427 11487 11512 11593 11597 11607 11624 11734 11747 11750 11753 11763 11996 13034 
11009 11216 11231 11328 11354 11369 11427 11487 11512 11593 11597 11607 11624 11734 11747 11750 11753 11763 11924 12709 
11009 11216 11231 11328 11354 11369 11427 11487 11512 11593 11597 11607 11624 11734 11747 11750 11753 11763 11829 13340 
11009 11216 11231 11328 11354 11369 11427 11487 11512 11593 11597 11607 11624 11734 11747 11750 11753 11763 11999 12530 
11009 11216 11231 11328 11354 11369 11427 11487 11512 11593 11597 11607 11624 11734 11747 11750 11753 11763 12069 12782 
11009 11216 11231 11328 11354 11369 11427 11487 11512 11593 11597 11607 11624 11734 11747 11750 11753 11763 12341 12480 
11009 11216 11231 11328 11354 11369 11427 11487 11512 11593 11597 11607 11624 11734 11747 11750 11753 11763 11789 12447 
11009 11216 11231 11328 11333 11354 11369 11427 11487 11512 11593 11597 11607 11624 11734 11747 11750 11753 11763 11980 
11009 11216 11231 11328 11333 11354 11369 11427 11487 11512 11593 11597 11607 11624 11734 11747 11750 11753 12424 12947 
11009 11216 11231 11328 11333 11354 11369 11427 11487 11512 11593 11597 11607 11624 11734 11747 11750 11753 11901 12295 
11009 11216 11231 11328 11333 11354 11369 11427 11487 11512 11593 11597 11607 11624 11734 11747 11750 11753 11920 13597 
11009 11216 11231 11328 11333 11354 11369 11427 11487 11512 11593 11597 11607 11624 11734 11747 11750 11753 12048 12523 
11009 11216 11231 11328 11333 11354 11369 11427 11487 11512 11593 11597 11607 11624 11734 11747 11750 11753 12037 12046 
11009 11216 11231 11328 11333 11354 11369 11427 11487 11512 11593 11597 11607 11624 11734 11747 11750 11753 12648 13771 
11009 11216 11231 11328 11333 11354 11369 11427 11487 11512 11593 11597 11607 11624 11734 11747 11750 11753 12028 12698 
11009 11216 11231 11328 11333 11354 11369 11427 11487 11512 11593 11597 11607 11624 11734 11747 11750 11753 11911 12558 
11009 11216 11231 11328 11333 11354 11369 11427 11487 11512 11593 11597 11607 11624 11734 11747 11750 11753 12170 12241 
11009 11216 11231 11328 11333 11354 11369 11427 11487 11512 11593 11597 11604 11607 11624 11734 11747 11750 11753 12183 
11009 11216 11231 11328 11333 11354 11369 11427 11487 11512 11593 11597 11604 11607 11624 11734 11747 11750 12310 12777 
11009 11216 11231 11328 11333 11354 11369 11427 11487 11512 11593 11597 11604 11607 11624 11663 11734 11747 11750 12711 
11009 11216 11231 11328 11333 11354 11369 11427 11487 11512 11593 11597 11604 11607 11624 11663 11724 11734 11747 11754 
10938 11009 11025 11216 11231 11328 11333 11354 11369 11427 11487 11512 11593 11597 11604 11607 11624 11663 11724 11734 
10938 11009 11025 11216 11231 11327 11328 11333 11354 11369 11427 11487 11512 11593 11597 11604 11607 11624 11663 12015 
10938 11009 11025 11216 11231 11327 11328 11333 11354 11369 11427 11487 11512 11593 11597 11604 11607 11624 12137 12251 
10938 11009 11025 11216 11231 11327 11328 11333 11354 11369 11427 11487 11512 11593 11597 11604 11607 11624 12489 12635 
10938 11009 11025 11216 11231 11327 11328 11333 11354 11369 11427 11487 11512 11593 11597 11604 11607 11624 12065 12430 
10938 11009 11025 11216 11231 11327 11328 11333 11354 11369 11427 11487 11512 11593 11597 11604 11607 11624 11991 12199 
10938 11009 11025 11216 11231 11327 11328 11333 11354 11369 11427 11487 11512 11593 11597 11604 11607 11624 12254 13033 
10938 11009 11025 11216 11231 11327 11328 11333 11354 11369 11427 11487 11512 11593 11597 11604 11607 11624 11966 12302 
10938 10964 11009 11025 11216 11231 11327 11328 11333 11354 11369 11427 11487 11512 11593 11597 11604 11607 11624 12201 
10938 10964 11009 11025 11216 11231 11327 11328 11333 11354 11369 11427 11487 11512 11593 11597 11604 11607 11969 12503 
10938 10964 11009 11025 11216 11231 11327 11328 11333 11354 11369 11427 11487 11512 11593 11597 11604 11607 12040 12597 
10938 10964 10977 11009 11025 11216 11231 11327 11328 11333 11354 11369 11427 11487 11512 11593 11597 11604 11607 12108 
10938 10964 10977 11009 11025 11216 11231 11327 11328 11333 11354 11369 11427 11487 11512 11593 11597 11604 12097 12717 
10938 10964 10977 11009 11025 11216 11231 11327 11328 11333 11354 11369 11427 11487 11512 11593 11597 11604 12026 12663 
10938 10964 10977 11009 11025 11216 11231 11268 11327 11328 11333 11354 11369 11427 11487 11512 11593 11597 11604 11769 
10938 10964 10977 11009 11025 11216 11231 11268 11327 11328 11333 11354 11369 11427 11487 11512 11593 11597 11818 13056 
10938 10964 10977 11009 11025 11216 11231 11268 11327 11328 11333 11354 11369 11427 11487 11512 11552 11593 11597 12710 
10938 10964 10977 11009 11025 11216 11231 11268 11327 11328 11333 11354 11369 11427 11487 11512 11552 11593 12045 12103 
10938 10964 10977 11009 11025 11216 11231 11268 11327 11328 11333 11354 11366 11369 11427 11487 11512 11552 11593 12557 
10938 10964 10977 11009 11025 11216 11231 11268 11327 11328 11333 11354 11366 11369 11427 11487 11512 11552 12432 12620 
10938 10964 10977 11009 11025 11216 11231 11268 11327 11328 11333 11354 11366 11369 11427 11487 11512 11552 12462 12504 
10938 10964 10977 11009 11025 11216 11231 11268 11327 11328 11333 11354 11366 11369 11427 11487 11512 11552 11991 12025 
10938 10964 10977 11009 11025 11216 11231 11268 11327 11328 11333 11354 11366 11369 11427 11487 11512 11552 12339 12921 
10938 10964 10977 11009 11025 11062 11216 11231 11268 11327 11328 11333 11354 11366 11369 11426 11427 11487 11512 11552 
10938 10964 10977 11009 11025 11062 11216 11231 11268 11327 11328 11333 11354 11366 11369 11426 11427 11487 11805 12130 
10938 10964 10977 11009 11025 11062 11216 11231 11268 11327 11328 11333 11354 11366 11369 11426 11427 11487 12659 13187 
10938 10964 10977 11009 11025 11062 11216 11231 11268 11277 11327 11328 11333 11354 11366 11369 11426 11427 11487 12325 
10938 10964 10977 10980 11009 11025 11062 11216 11231 11268 11277 11327 11328 11333 11354 11366 11369 11426 11427 12703 
10938 10964 10977 10980 11009 11025 11062 11216 11231 11268 11277 11327 11328 11333 11354 11366 11369 11426 11678 11987 
10938 10964 10977 10980 11009 11025 11062 11216 11231 11268 11277 11327 11328 11333 11354 11366 11369 11426 11852 12415 
10938 10964 10977 10980 11009 11025 11062 11216 11231 11268 11277 11327 11328 11333 11354 11366 11369 11426 12625 12948 
10938 10964 10977 10980 11009 11025 11062 11216 11231 11268 11277 11327 11328 11333 11354 11366 11369 11426 12229 12561 
10938 10964 10977 10980 11009 11025 11062 11216 11231 11268 11277 11327 11328 11333 11354 11366 11369 11426 12197 13147 
10938 10964 10977 10980 11009 11025 11062 11216 11231 11268 11277 11327 11328 11333 11354 11366 11369 11426 12499 12979 
10938 10964 10977 10980 11009 11025 11062 11216 11231 11268 11277 11327 11328 11333 11354 11366 11369 11426 11806 12443 
10938 10964 10977 10980 11009 11025 11062 11216 11231 11268 11277 11327 11328 11333 11354 11366 11369 11426 12215 13021 
10938 10964 10977 10980 11009 11025 11062 11216 11231 11268 11277 11327 11328 11333 11354 11366 11369 11426 11577 12321 
10938 10964 10977 10980 11009 11025 11062 11216 11231 11268 11277 11327 11328 11333 11354 11366 11369 11426 12262 12785 
10938 10964 10977 10980 11009 11025 11062 11216 11231 11268 11277 11327 11328 11333 11354 11366 11369 11426 12099 12996 
10938 10964 10977 10980 11009 11025 11062 11216 11231 11268 11277 11327 11328 11333 11354 11366 11369 11426 11684 12134 
10938 10964 10977 10980 11009 11025 11062 11216 11231 11268 11277 11327 11328 11333 11354 11366 11369 11426 12690 13281 
10938 10964 10977 10980 11009 11025 11062 11216 11231 11268 11277 11327 11328 11333 11354 11366 11369 11426 12121 12999 
10938 10964 10977 10980 11009 11025 11062 11216 11231 11268 11277 11327 11328 11333 11354 11366 11369 11426 11813 13329 
10938 10964 10977 10980 11009 11025 11062 11216 11231 11268 11277 11327 11328 11333 11354 11366 11369 11426 11801 12585 
10938 10964 10977 10980 11009 11025 11062 11216 11231 11268 11277 11327 11328 11333 11354 11366 11369 11426 12183 12737 
10938 10964 10977 10980 11009 11025 11062 11216 11231 11268 11277 11327 11328 11333 11354 11366 11369 11426 11654 12446 
10938 10964 10977 10980 11009 11025 11062 11216 11231 11268 11277 11327 11328 11333 11354 11366 11369 11426 12120 12438 
10938 10964 10977 10980 11009 11025 11062 11216 11231 11268 11277 11327 11328 11333 11354 11366 11369 11426 11907 12290 
10938 10964 10977 10980 11009 11025 11062 11216 11231 11268 11277 11327 11328 11333 11354 11366 11369 11426 12274 12869 
10938 10964 10977 10980 11009 11025 11062 11216 11231 11268 11277 11327 11328 11333 11354 11366 11369 11426 11859 12889 
10938 10964 10977 10980 11009 11025 11062 11216 11231 11268 11277 11327 11328 11333 11354 11366 11369 11426 11862 12325 
10938 10964 10977 10980 11009 11025 11062 11216 11231 11268 11277 11327 11328 11333 11354 11366 11369 11426 11912 12958 
10938 10964 10977 10980 11009 11025 11062 11216 11231 11268 11277 11327 11328 11333 11354 11366 11369 11426 12087 12304 
10938 10964 10977 10980 11009 11025 11062 11216 11231 11268 11277 11327 11328 11333 11354 11366 11369 11426 11917 12391 
10938 10964 10977 10980 11009 11025 11062 11216 11231 11268 11277 11327 11328 11333 11354 11366 11369 11426 11602 12031 
10938 10964 10977 10980 11009 11025 11062 11216 11231 11268 11277 11327 11328 11333 11354 11366 11369 11426 12546 12674 
10938 10964 10977 10980 11009 11025 11062 11138 11216 11231 11268 11277 11327 11328 11333 11354 11366 11369 11426 12535 
10938 10964 10977 10980 11009 11025 11062 11138 11216 11231 11268 11277 11327 11328 11333 11354 11366 11369 12019 12301 
10938 10964 10977 10980 11009 11025 11062 11138 11216 11231 11268 11277 11327 11328 11333 11354 11366 11369 12411 12474 
10938 10964 10977 10980 11009 11025 11062 11138 11216 11231 11268 11277 11327 11328 11333 11354 11366 11369 11801 12815 
10938 10964 10977 10980 11009 11025 11062 11138 11216 11231 11268 11277 11327 11328 11333 11354 11366 11369 11938 12176 
10938 10964 10977 10980 11009 11025 11062 11138 11216 11231 11268 11277 11327 11328 11333 11354 11366 11369 12111 12646 
10938 10964 10977 10980 11009 11025 11062 11138 11216 11231 11268 11277 11327 11328 11333 11354 11366 11369 12328 13329 
10938 10964 10977 10980 11009 11025 11062 11138 11216 11231 11268 11277 11327 11328 11333 11354 11366 11369 12042 13333 
10938 10964 10977 10980 11009 11025 11062 11138 11216 11231 11268 11277 11327 11328 11333 11354 11366 11369 12021 12300 
10938 10964 10977 10980 11009 11025 11062 11138 11216 11231 11268 11277 11327 11328 11333 11354 11366 11369 11934 13231 
10938 10964 10977 10980 11009 11025 11062 11138 11216 11231 11268 11277 11327 11328 11333 11354 11366 11369 12066 12339 
10938 10964 10977 10980 11009 11025 11062 11138 11216 11231 11268 11277 11327 11328 11333 11354 11366 11369 11740 12699 
10864 10938 10964 10977 10980 11009 11025 11062 11138 11216 11231 11268 11277 11327 11328 11333 11354 11366 11369 12672 
10864 10938 10964 10977 10980 11009 11025 11062 11138 11216 11231 11268 11277 11327 11328 11333 11354 11366 12033 12609 
10864 10938 10964 10977 10980 11009 11025 11062 11138 11216 11231 11268 11277 11327 11328 11333 11354 11366 12369 12617 
10864 10938 10964 10977 10980 11009 11025 11062 11138 11216 11231 11268 11277 11327 11328 11333 11354 11366 11620 12132 
10864 10938 10964 10977 10980 11009 11025 11062 11074 11138 11216 11231 11268 11277 11327 11328 11333 11354 11366 11960 
10864 10938 10964 10977 10980 11009 11025 11062 11074 11138 11216 11231 11268 11277 11327 11328 11333 11354 11887 12191 
10864 10938 10964 10977 10980 11009 11025 11062 11074 11138 11216 11231 11268 11277 11327 11328 11333 11354 11716 11783 
10864 10938 10964 10977 10980 11009 11025 11062 11074 11138 11216 11231 11268 11277 11327 11328 11333 11354 12161 12875 
10864 10938 10964 10977 10980 11009 11025 11062 11074 11138 11216 11231 11268 11277 11327 11328 11333 11354 12274 12708 
10864 10938 10964 10977 10980 11009 11025 11062 11074 11138 11216 11231 11268 11277 11327 11328 11333 11354 11551 12951 
10864 10938 10964 10977 10980 11009 11025 11062 11074 11138 11216 11231 11268 11277 11327 11328 11333 11354 12823 12849 
10864 10938 10964 10977 10980 11009 11025 11062 11074 11138 11216 11231 11268 11277 11327 11328 11333 11354 11884 13320 
10864 10938 10964 10977 10980 11009 11025 11062 11074 11138 11216 11231 11268 11277 11327 11328 11333 11354 12061 12741 
10864 10938 10964 10977 10980 11009 11025 11062 11074 11138 11216 11231 11268 11277 11327 11328 11333 11354 12311 12349 
10864 10938 10964 10977 10980 11009 11025 11062 11074 11085 11138 11216 11231 11268 11277 11327 11328 11333 11354 12291 
10864 10938 10964 10977 10980 11009 11025 11062 11074 11085 11138 11216 11231 11268 11277 11327 11328 11333 11860 12359 
10864 10938 10964 10977 10980 11009 11025 11062 11074 11085 11138 11216 11231 11268 11277 11327 11328 11333 11445 11995 
10864 10938 10964 10977 10980 11009 11025 11062 11074 11085 11138 11216 11231 11268 11277 11327 11328 11333 11817 12842 
10864 10938 10964 10977 10980 11009 11025 11062 11074 11085 11138 11216 11231 11268 11277 11327 11328 11333 12335 12799 
10864 10938 10964 10977 10980 11009 11025 11062 11074 11085 11138 11216 11231 11268 11275 11277 11327 11328 11333 12543 
10864 10938 10964 10977 10980 11009 11025 11062 11074 11085 11138 11216 11231 11268 11275 11277 11327 11328 11811 12472 
10864 10938 10964 10977 10980 11009 11025 11062 11074 11085 11138 11216 11231 11268 11275 11277 11327 11328 12145 12759 
10864 10938 10964 10977 10980 11009 11025 11062 11074 11085 11138 11216 11231 11268 11275 11277 11327 11328 12116 12304 
10864 10938 10964 10977 10980 11009 11025 11062 11074 11085 11138 11216 11231 11268 11275 11277 11327 11328 12194 12359 
10864 10938 10964 10977 10980 11009 11025 11062 11074 11085 11138 11216 11231 11268 11275 11277 11327 11328 12149 12744 
10864 10938 10964 10977 10980 11009 11025 11062 11074 11085 11138 11216 11231 11268 11275 11277 11327 11328 11723 12566 
10864 10938 10964 10977 10980 11009 11025 11062 11074 11085 11138 11216 11231 11268 11275 11277 11300 11327 11328 12124 
10864 10938 10964 10977 10980 11009 11025 11062 11074 11085 11138 11216 11231 11268 11275 11277 11300 11327 11662 12895 
10864 10938 10964 10977 10980 11009 11025 11062 11074 11085 11138 11216 11231 11268 11275 11277 11300 11327 12072 12168 
10864 10938 10964 10977 10980 11009 11025 11062 11074 11085 11138 11216 11231 11268 11275 11277 11300 11327 12374 12870 
10864 10938 10964 10977 10980 11009 11025 11062 11074 11085 11138 11216 11231 11268 11275 11277 11300 11327 12190 12204 
10864 10938 10964 10977 10980 11009 11025 11062 11074 11085 11138 11216 11231 11268 11275 11277 11300 11327 12387 12880 